17.801
19.928
25.632
25.632
30.015
30.378
30.379
35.295
35.496
37.208
42.992
43.004
43.018
44.504
44.626
44.659
46.073
46.239
48.46
52.221
53.703
53.783
53.826
53.832
53.909
53.955
53.985
58.433
58.942
60.077
60.567
60.629
60.68
60.692
60.747
60.793
60.806
61.262
61.563
61.867
61.91
62.682
62.974
64.464
64.484
64.518
66.187
67.095
67.185
68.705
68.735
69.705
71.119
71.85
71.857
72.336
73.59
74.146
74.372
77.597
80.876
81.384
83.276
83.333
83.447
83.93
83.96
84.141
84.406
85.169
86.68
86.975
87.606
87.995
88.63
88.925
89.431
90.127
90.414
91.561
91.596
91.602
91.671
91.743
91.978
92.666
93.205
94.974
95.187
95.483
95.555
95.853
96.497
97.254
97.277
101.34
101.553
102.572
102.597
102.611
103.356
103.634
103.702
104.131
104.822
104.827
104.894
104.965
105.192
106.383
106.666
106.795
107.104
107.177
107.448
107.523
107.766
107.908
108.399
108.458
108.555
108.571
110.043
110.674
110.699
111.24
112.046
116.217
116.487
116.648
117.434
117.579
118.305
118.34
118.734
118.873
119.042
119.204
119.224
119.329
119.45
119.581
119.641
119.955
120.022
120.071
120.396
121.567
121.567
121.862
122.089
122.459
123.406
123.584
123.706
123.707
123.993
124.039
124.105
124.308
124.318
124.476
125.021
125.058
125.381
125.952
126.042
126.191
126.377
126.474
127.494
127.725
127.728
127.751
127.755
128.033
128.372
129.559
130.217
130.486
130.603
131.07
132.002
132.164
132.492
132.738
133.453
133.571
133.573
133.652
134.155
134.724
135.166
135.877
136.233
136.246
136.345
136.369
136.77
136.795
136.977
137.485
137.507
137.953
138.466
138.757
138.969
138.996
139.653
140.044
141.44
142.503
143.328
143.331
143.391
143.645
143.681
145.156
145.798
146.961
147.4
147.5
148.845
149.263
151.227
151.23
151.241
151.805
153.253
153.343
153.531
153.592
153.641
153.983
154.065
154.23
156.068
156.071
156.144
157.484
157.61
157.686
158.634
159.176
160.445
160.695
162.36
162.379
162.402
162.438
162.447
162.894
163.34
163.472
163.788
164.033
164.034
164.038
164.039
164.047
164.049
164.053
164.667
164.994
165.627
165.693
165.701
165.738
165.791
165.812
166.148
166.669
167.079
167.459
167.97
168.753
169.934
170.207
171.11
171.944
172.127
172.498
172.68
174.155
174.273
175.183
175.73
176.395
177.495
177.705
177.709
178.276
178.284
178.607
178.766
179.184
179.283
180.731
181.388
181.478
182.034
182.205
182.216
182.373
182.589
182.625
182.64
183.038
184.282
184.445
184.52
184.95
185.067
185.467
185.73
185.803
186.231
186.29
187.115
187.556
188.306
188.805
189.043
189.988
190.134
190.234
190.323
190.862
191.171
191.608
191.683
192.924
193.003
193.091
193.622
193.759
193.801
193.889
193.904
193.951
194.227
195.105
195.471
196.005
196.089
196.214
196.671
197.262
197.313
197.736
197.76
197.921
197.996
198.062
198.323
198.636
198.827
198.899
198.939
199.484
199.511
199.606
199.889
199.951
199.97
200.171
200.203
200.335
200.353
200.385
200.81
200.998
201.206
201.278
201.511
201.787
201.907
202.031
202.115
202.136
202.202
202.548
202.582
202.609
202.818
202.934
203
203.301
203.357
203.444
203.585
203.647
203.713
203.845
203.984
204.171
204.377
204.38
204.536
204.597
204.908
204.958
205.283
205.328
205.559
205.813
206.154
206.163
206.163
206.2
206.278
206.423
206.546
206.721
206.834
206.866
207.067
207.47
207.478
207.861
207.912
207.912
207.997
208.117
208.168
208.208
208.559
208.882
208.889
208.952
208.957
209.077
209.159
209.25
209.311
209.426
209.475
209.712
209.993
210.084
210.944
211.022
211.069
211.383
211.667
212.674
212.681
213.547
213.598
213.618
213.857
213.97
214.282
214.425
214.441
214.484
214.687
214.726
214.915
215.084
215.268
215.284
215.294
215.408
215.805
216.225
216.419
216.509
216.555
216.596
216.794
216.942
217.001
217.467
217.582
217.894
217.919
218.172
218.55
218.571
218.693
219.209
219.227
219.439
219.554
219.603
219.871
219.935
219.967
220.353
220.448
220.496
220.555
220.672
220.798
220.843
220.966
221.003
221.019
221.089
221.174
221.427
221.648
221.667
221.806
221.811
222.446
222.57
222.82
223.008
223.06
223.159
223.948
224.09
224.269
224.401
224.426
224.552
224.606
224.641
224.652
224.7
224.875
224.876
225.585
225.903
226.222
226.272
226.363
226.502
226.602
226.893
226.91
227.021
227.525
227.998
228.102
228.226
228.616
228.802
228.812
228.821
229.652
229.689
229.806
230.425
230.605
230.786
231.096
231.096
231.146
231.16
231.277
231.406
231.604
232.003
232.025
232.467
233.137
233.477
233.527
233.68
234.35
234.554
234.74
234.861
234.984
235.135
235.342
235.485
235.792
236.38
236.705
236.735
236.797
236.804
236.823
237.077
237.277
237.312
237.863
237.969
238.204
238.328
238.346
238.579
238.637
238.706
238.892
239.379
239.505
239.563
240.063
240.272
240.489
240.726
241.162
241.319
241.354
241.584
242.169
242.494
242.794
242.95
243.778
244.164
244.619
244.791
245.008
245.644
245.653
245.657
246.103
246.276
246.45
247.512
247.641
247.856
247.893
248.327
248.624
248.653
248.717
248.814
248.891
249.064
249.079
249.215
249.326
249.473
249.677
249.772
249.878
250.199
250.235
250.298
250.69
250.701
251.432
251.611
251.688
251.92
252.052
252.137
252.285
252.411
252.851
252.851
253.074
253.399
253.561
253.652
253.8
254.323
254.397
255.135
255.325
255.443
255.485
255.51
255.795
255.801
255.943
256.015
256.864
256.887
257.146
257.293
257.509
257.61
258.014
258.588
259.253
259.372
259.805
259.837
259.94
260.568
260.709
260.85
260.863
260.999
261.187
261.418
261.542
262.803
263.558
263.628
263.713
263.971
264.141
264.701
264.747
265.045
265.055
265.061
265.062
265.069
265.076
265.085
265.117
265.157
265.327
265.375
265.661
265.945
266.124
266.134
266.161
266.479
267.196
267.595
267.719
267.863
267.876
268.142
268.517
268.795
269.134
269.423
269.706
269.83
270.094
270.171
270.24
270.59
270.651
270.866
270.962
271.027
271.241
271.464
271.467
271.527
271.662
271.903
271.952
272.165
272.198
272.261
272.435
272.778
273.304
273.396
273.435
273.485
273.955
274.329
274.825
274.855
274.932
275.048
275.388
275.417
275.459
275.574
275.831
275.91
276.258
276.309
276.426
276.655
276.787
277.336
277.452
277.54
277.983
278.022
278.71
278.81
279.078
279.482
279.553
279.8
279.827
280.086
280.105
280.108
280.2
280.204
280.271
280.691
281.376
281.394
281.515
281.616
281.619
282.022
282.255
282.42
283.029
283.138
283.184
283.226
283.305
283.358
283.563
283.671
283.73
283.76
283.863
283.998
284.324
284.553
284.768
284.823
284.972
284.983
285.098
285.213
285.281
285.301
285.458
285.567
286.044
286.257
286.332
286.51
286.637
287.151
287.424
287.539
287.563
287.791
287.857
288.158
288.317
289.018
289.138
289.325
289.331
289.386
289.484
289.644
289.797
289.826
290.03
290.441
290.668
290.881
290.906
291.015
291.139
291.297
291.648
291.824
291.832
292.402
292.463
292.479
292.781
292.892
292.979
293.263
293.305
293.355
293.36
293.83
293.931
294.077
294.105
294.364
294.417
294.44
294.699
294.921
295.088
295.176
295.182
296.332
296.332
296.464
296.728
296.904
297.056
297.25
297.658
298.902
299.334
299.48
299.796
299.96
300.249
300.321
300.913
301.2
301.254
301.804
302.054
302.462
302.702
302.886
302.92
303.412
303.907
303.936
304.263
304.485
305.082
305.866
306.471
306.77
307.158
307.288
307.59
307.76
307.865
308.147
308.215
308.804
309.157
309.271
309.273
309.284
309.31
309.418
310.156
310.229
310.969
311.071
311.143
311.641
311.838
311.843
312.278
312.528
313.042
313.078
313.107
313.126
313.259
313.41
313.472
313.472
315.817
315.887
316.34
317.034
317.33
317.504
317.933
318.019
318.237
318.311
318.341
318.399
318.539
319.069
319.398
319.497
319.52
319.847
319.859
320.884
321.202
321.28
321.556
322.078
322.094
322.423
322.487
322.511
322.547
322.975
323.058
323.25
323.451
323.658
323.702
323.904
324.227
324.266
324.27
324.521
324.726
324.754
325.37
325.431
325.609
325.857
326.229
326.233
326.478
326.749
326.794
326.949
326.99
327.311
327.363
327.396
327.513
327.613
327.897
327.926
327.933
328.068
328.174
328.233
328.314
328.56
328.875
328.935
328.937
328.998
329.035
329.814
330.156
330.186
330.237
330.258
330.294
330.298
330.424
330.485
331.116
331.211
331.242
331.265
331.504
332.134
332.309
332.375
332.441
333.431
333.771
334.197
334.371
334.501
334.557
334.594
334.877
334.903
334.906
334.941
335.033
335.047
335.123
335.195
335.271
335.372
335.842
335.862
335.956
336.123
336.223
336.261
337.215
337.271
337.28
337.65
337.822
338.071
338.289
338.377
338.501
339.141
339.197
339.2
339.203
339.682
339.707
339.895
339.93
339.98
340.365
340.458
340.512
340.779
340.813
341.213
341.476
341.644
342.121
342.122
342.247
342.462
342.508
342.695
342.848
343.4
343.489
343.674
343.823
344.061
344.15
344.199
344.266
344.365
344.626
344.712
345.13
345.188
345.292
345.311
345.351
345.366
345.602
345.834
345.846
346.046
346.074
346.097
346.165
346.22
346.437
346.446
346.473
346.62
346.628
346.766
346.992
347.248
347.397
347.404
347.425
347.939
348.115
348.116
348.193
348.331
348.48
348.937
349.296
349.449
349.621
349.811
349.894
349.91
350.111
350.15
350.228
350.252
350.732
350.739
350.915
351.013
351.364
351.433
351.461
351.505
351.556
351.694
351.924
351.96
352.047
352.111
352.138
352.349
352.454
352.685
352.802
352.943
352.981
353.17
353.53
353.602
354.219
354.58
354.768
354.775
354.9
355.195
355.308
355.443
355.534
355.659
356.171
356.18
356.559
356.637
356.659
356.784
356.827
356.851
356.916
356.938
357.247
357.253
357.295
357.443
357.579
357.585
357.634
357.685
357.868
358.015
358.027
358.093
358.119
358.488
358.496
358.922
359.26
359.303
359.348
359.619
359.877
360.073
360.119
360.243
360.532
360.945
360.949
360.955
360.961
361.051
361.104
361.287
361.383
361.657
361.752
361.939
362.676
363.024
363.074
363.312
363.429
363.469
363.546
363.607
363.652
363.957
364.267
364.278
364.54
364.619
364.777
364.955
365.015
365.042
365.35
365.584
365.799
365.889
365.915
366.365
367.001
367.007
367.312
367.636
368.224
368.346
368.413
368.521
368.842
369.236
369.265
369.399
369.419
369.481
370.026
370.091
370.136
370.286
370.357
370.393
370.603
370.677
371.029
371.357
371.748
371.791
371.886
371.943
371.993
372.211
372.494
372.693
372.803
372.855
373.043
373.136
373.486
373.69
373.713
373.912
373.92
373.98
373.994
374.118
374.347
374.406
374.547
374.556
374.561
374.817
374.949
375.286
375.363
375.594
375.737
375.823
375.834
375.908
375.93
376.133
376.133
376.191
376.514
376.626
376.839
377.433
377.438
377.572
377.649
377.713
377.75
378.22
378.284
378.305
378.425
379.083
379.256
379.478
379.575
379.637
379.675
379.825
379.89
379.935
380.101
380.149
380.152
380.308
380.536
380.672
381.074
381.199
381.442
381.63
381.869
381.967
382.043
382.838
382.936
383.026
383.048
383.146
383.23
383.289
383.596
383.676
383.829
383.963
384.118
384.709
384.802
384.874
384.999
385.097
385.099
385.101
385.137
385.166
385.167
385.174
385.245
385.464
385.585
385.957
385.991
386.083
386.285
386.312
386.333
386.34
386.387
386.41
386.592
387.104
387.164
387.21
387.417
387.854
388.313
388.529
388.556
388.735
388.865
388.896
389.032
389.036
389.094
389.138
389.178
389.215
389.268
389.455
389.542
389.623
389.853
389.92
390.021
390.133
390.226
390.295
390.406
390.609
390.631
390.71
390.748
390.824
391.026
391.116
391.181
391.196
391.648
391.651
391.898
391.91
392.069
392.24
392.625
393.048
393.202
393.338
393.366
393.648
393.667
393.701
393.863
394.051
394.151
394.216
394.275
394.382
394.401
394.442
394.468
394.867
394.91
395.116
395.255
395.633
395.774
395.785
395.82
395.944
396.152
396.739
396.838
396.847
397.196
397.304
397.326
397.358
397.685
398.176
398.223
398.259
398.393
398.497
398.689
398.799
398.852
398.976
399.003
399.089
399.357
399.5
399.51
399.575
399.66
399.864
399.896
399.924
400.045
400.652
400.797
400.875
401.225
401.239
401.25
401.913
402.039
402.051
402.368
402.473
402.501
402.549
403.076
403.163
403.169
403.228
403.298
403.303
403.307
403.449
404.075
404.08
404.081
404.136
404.275
404.291
404.414
404.547
404.581
404.597
404.656
404.721
404.986
405.004
405.364
405.387
405.454
405.62
405.781
405.822
405.894
406.033
406.109
406.156
406.214
406.28
406.281
406.988
407.04
407.27
407.436
407.584
407.586
407.735
407.736
407.771
407.797
407.87
407.973
408.121
408.239
408.61
408.672
408.763
408.844
408.929
409.013
409.316
409.419
409.567
409.731
409.861
410.072
410.092
410.175
410.236
410.331
410.337
410.38
410.584
410.862
410.946
411.178
411.275
411.518
411.576
411.671
412.323
412.381
412.473
412.716
412.806
412.83
412.97
413.037
413.065
413.199
413.25
413.38
413.765
414.284
414.311
414.92
415.111
415.258
415.397
415.608
415.665
416.303
416.366
416.466
416.797
416.813
416.84
417.052
417.159
417.204
417.32
417.434
417.554
417.732
417.753
417.939
417.998
418.09
418.312
418.425
418.66
418.682
418.732
418.762
418.832
418.948
418.969
419.078
419.164
419.44
419.485
419.744
419.989
420.18
420.373
420.505
420.648
420.672
420.766
421.162
421.171
421.516
421.552
421.553
421.723
421.809
422.111
422.293
422.515
422.535
422.566
422.585
422.673
422.713
422.775
423.819
423.931
424.166
424.215
424.44
424.492
424.682
424.738
424.808
425.433
425.438
425.639
425.941
426.085
426.227
426.7
426.726
427.481
427.753
428.027
428.079
428.926
428.973
428.994
429.461
429.674
429.706
429.778
430.17
430.211
430.358
430.545
430.591
431.384
431.885
432.536
432.647
432.712
432.903
433.082
433.374
433.614
433.646
433.844
434.046
434.064
434.169
434.646
434.806
434.96
435.073
435.548
435.574
435.684
435.833
435.993
436.066
436.099
436.205
436.291
436.364
437.48
437.493
437.923
438.186
438.354
438.453
438.471
438.641
438.643
438.646
438.998
439.111
439.522
439.671
440.186
440.82
440.85
441.17
441.491
441.796
442.047
442.241
442.434
442.544
443.063
443.496
443.556
443.569
444.703
445.395
445.478
445.589
445.661
445.916
446.02
446.273
446.646
446.734
447.089
448.113
448.133
450.72
450.945
451.13
451.857
451.966
452.257
452.473
452.674
452.921
453.311
453.615
454.363
455.403
455.528
456.236
457.266
457.559
457.621
458.804
458.936
458.986
459.317
459.403
460.208
460.283
460.29
460.379
460.661
460.733
460.84
460.957
461.393
462.194
462.722
463.054
463.232
463.424
463.955
464.11
464.181
464.531
464.914
464.967
465.437
465.888
466.188
466.279
466.306
467.333
467.342
467.815
468.014
468.188
468.228
468.345
468.538
468.541
468.57
468.57
468.58
468.78
468.78
469.577
470.492
470.529
471.007
471.61
471.658
471.902
472.216
472.253
472.687
472.842
473.067
473.078
473.334
473.427
473.669
473.9
474.181
475.253
475.53
475.9
476.027
476.257
476.487
476.574
477.346
478.548
479.455
479.898
479.991
480.136
480.602
481.006
481.053
481.185
481.188
481.461
481.668
482.591
483.208
483.766
484.17
484.433
484.661
485.359
486.074
486.128
486.129
486.136
487.249
487.986
488.368
488.381
488.397
489.252
489.677
489.693
490.012
490.478
491.163
491.773
492.401
492.453
492.46
493.299
493.408
493.55
493.901
493.974
494.483
494.977
495.137
495.478
495.946
496.226
496.794
498.173
499.107
499.71
500.515
500.721
500.91
501.419
501.976
502.696
504.103
504.258
504.466
504.552
505.598
505.831
506.465
506.797
507.826
508.582
508.712
508.742
510.345
510.554
511.929
512.436
512.734
513.344
513.509
514.449
514.542
514.63
515.208
515.324
515.584
515.656
515.969
516.12
516.148
516.174
516.732
517.268
517.731
518.36
520.44
520.451
520.572
520.602
520.842
520.908
520.933
521.038
521.186
521.253
521.51
521.794
521.82
522.136
522.346
522.704
522.753
523.116
523.427
524.592
525.69
525.824
527.081
527.195
529.222
530.712
533.234
533.822
534.515
535.046
535.488
535.761
538.098
539.212
540.056
540.888
541.915
542.323
542.525
542.867
543.282
544.337
545.383
545.515
546.074
546.55
547.362
547.669
548.084
548.356
548.45
548.511
550.134
550.649
550.972
553.303
553.548
554.608
555.647
556.191
556.812
557.029
557.044
557.602
558.876
558.882
560.128
560.615
560.885
561.551
562.569
563.997
564.926
565.903
566.081
566.956
566.996
567.584
567.711
567.956
569.699
569.923
570.812
571.903
576.055
579.134
579.886
582.679
583.098
585.249
587.092
587.562
587.804
588.995
589.339
589.592
591.071
591.085
591.539
594.086
594.165
594.855
595.241
597.646
598.285
600.452
600.557
602.104
602.418
603
604.312
605.115
605.464
605.584
607.434
607.574
608.141
609.021
609.759
610.021
610.272
610.354
610.365
612.222
613
614.171
614.306
614.948
616.217
616.359
616.982
620.03
621.728
622.102
622.187
623.965
624.336
624.993
626.65
627.817
630.466
633.405
634.71
634.851
635.986
636.235
637.136
637.671
638.299
639.423
640.225
640.847
641.923
643.847
643.907
645.354
645.589
645.728
645.833
645.999
646.257
648.205
648.671
648.885
649.378
649.69
649.876
650.346
650.4
650.653
650.797
652.045
652.731
656.271
656.272
656.285
657.278
657.805
659.533
659.815
659.895
660.491
661.056
666.02
667.815
669.127
669.384
670.685
670.778
670.793
679.105
679.96
684.419
685.603
687.838
688.771
689.156
689.259
690.248
692.71
693.031
694.572
696.543
697.209
698.966
703.747
705.542
705.994
706.519
706.722
707.01
711.489
712.789
714.121
716.269
717.987
718.289
720.236
723.132
723.642
723.71
726.811
728.03
728.135
728.917
729.04
731.102
734.851
736.825
739.869
740.577
742.35
744.229
745
746.831
749.315
750.387
751.296
754.707
757.891
760.82
762.679
762.974
763.511
763.518
766.49
766.934
767.209
768.777
769.896
769.949
772.047
773.514
774.497
774.919
775.47
776.575
777.194
777.417
777.539
779.138
780.021
780.027
780.302
780.982
793.868
794.456
794.76
794.818
796.737
800.616
801.479
801.97
803.934
804.374
809.951
809.984
810.369
810.437
811.29
811.531
812.623
812.645
814.129
816.942
818.326
819.006
819.479
819.482
819.904
821.204
822.174
823.164
825.407
826.324
827.096
827.187
827.244
827.351
828.012
829.811
831.459
833.331
833.515
833.912
834.37
837.288
837.594
837.761
839.237
842.825
844.625
844.636
844.655
844.676
850.887
852.113
852.996
853.266
854.209
856
857.524
858.597
860.007
863.019
865.438
866.214
868.028
868.34
873.527
876.141
877.675
878.062
878.375
881.941
894.347
896.764
901.618
905.833
912.297
917.232
921.287
922.809
923.754
926.601
940.573
952.573
954.518
956.344
957.752
958.142
965.704
965.779
972.274
973.475
975.077
979.685
992.319
1005.141
1009.199
1013.976
1022.146
1032.726
1032.731
1038.636
1045.545
1045.676
1045.941
1054.298
1079.225
1081.745
1082.909
1083.025
1083.034
1108.956
1114.302
1117.752
1129.314
1138.145
1140.378
1148.723
1150.03
1151.282
1152.275
1166.003
1166.245
1169.021
1171.083
1175.332
1175.476
1176.962
1177.283
1177.664
1179.173
1179.309
1182.817
1194.133
1198.42
1203.15
1206.92
1218.305
1237.742
1239.158
1246.962
1262.34
1278.741
1281.807
1291.259
1301.32
1316.389
1316.485
1337.689
1342.996
1352.24
1358.133
1358.829
1363.422
1434.476
1442.679
1469.491
1473.282
1475.241
1499.985
1502.5
1528.843
1675.906
1689.044
1742.284
1790.321
1804.981
1816.732
1846.525
1875.101
2058.13
2126.044
2144.256
2254.383
2325.356
2399.045
2551.488
2687.767
2687.836
3010.327
3106.923
3490.013
3507.026
